# ValueNet: оценка позиции по признакам StateFeatures
in 29 hidden 24
w1 2.7876505201 -1.8851493053 -0.1014668284 -0.0410152689 0.3923479545 -0.6165335405 -1.3587249656 -0.6592188585 -0.3397458930 -0.3569050334 0.3830439354 -0.4672474161 0.0808658217 0.8514857721 -1.9221274038 0.1429093833 -0.4822153168 0.7430537638 0.1916351299 -0.2106834771 0.4468126081 -0.0590713959 0.3236485705 0.4844930635 -0.2275342997 0.2020546016 0.0338278476 -0.2097507092 0.8265002822
w1 0.4550161549 -0.1577714310 -0.2699389967 -0.2504841970 -0.5335148709 -0.0750016590 -0.1529532347 0.0737329241 -0.0022253165 0.0422844599 0.1267716885 -0.3585495773 -0.0673890572 -0.4322685549 0.2136421940 -0.0040976230 -0.3786267923 0.4958627063 0.2950070101 -0.1900735827 0.1420204810 -0.1181078252 0.0335960136 0.0010092331 -0.0830170228 -0.1480699947 -0.1036403260 0.0282403085 0.0442425769
w1 0.2526028908 0.0856128345 -0.2029373746 -0.0829972125 0.2375420901 -0.0488057305 0.0164993769 -0.1578349592 -0.1598307580 -0.0349463356 0.2286700447 -0.1342559241 0.2064831157 -0.1136597713 0.1805073702 0.2612340117 0.0058879049 0.1005845541 0.4298645366 -0.2831101177 0.1763922683 -0.1325007608 -0.2062053382 -0.3033825876 -0.4694995873 -0.0122023069 -0.1747398547 -0.0192781418 -0.1230350561
w1 -0.8040842888 1.0930226869 -0.1100460400 -0.5075649905 0.2945771405 0.6429841921 0.7820267671 0.3749272571 0.0709831001 -1.4023685375 -0.1982728300 0.3839631495 -0.2104253115 -0.8477321690 -0.7609962844 1.1412421586 -0.6521911212 0.3737185931 -0.0958856255 0.1290392152 -0.1054461340 0.3309552005 -0.1400073156 0.0184406834 -0.4194059353 -0.2857529052 0.6795782720 -0.0476690673 0.0298857707
w1 0.1060602853 0.9147258231 0.0001339220 0.1734178854 -1.1184411945 -0.4121305321 -0.0933242992 0.2638179505 0.1425020819 0.2799678987 0.6436116261 -1.1708662135 1.0472244964 0.2543784097 0.7739108132 -0.9957941586 -0.1187649853 -0.0615105939 1.0944034235 -0.1946003469 0.4934976747 0.5143307382 -0.5412924710 -0.2228824552 1.1696887444 0.9244765634 -0.1897246509 0.6028073516 -0.7846655345
w1 -0.0752641746 -0.1170244961 -0.5476853571 0.0397192596 -0.2408941254 -0.4140231840 -0.4382239290 0.4444460960 -0.0453152238 0.2086210058 0.1066556029 0.1651643328 0.0867874372 0.0340356694 -0.0917123661 0.1327454168 0.2455846124 0.1470705266 -0.2387175018 0.1570394448 0.1632379731 -0.0986017335 -0.0135723112 -0.2987053740 0.0261332231 0.0869431317 0.2910521939 -0.1545558369 -0.0456930365
w1 0.2590912057 -0.3521987043 0.6861308499 0.9877317139 -0.5524380772 -0.6676887715 1.3962499059 0.0838431195 0.6406923120 0.0990996952 1.2812222862 -0.2511420221 -0.0630611700 1.0331560608 -0.3908249869 -0.7887974411 -0.6037843514 -1.1854600135 -0.3545241678 -1.3110713763 2.0231538324 0.2791041100 0.0433018536 0.0492258560 -0.2559779790 0.3887626334 -2.2830321373 0.7582109409 -0.4459976642
w1 -0.6517412783 0.7302314513 -0.0964289376 0.3693614056 0.4365191102 -0.1158339081 -0.2478045156 0.0799756227 -0.2578418045 -0.0101388198 0.1244942651 -0.5933698886 0.3952782858 0.6842437159 0.0848783792 0.2377426917 0.7618050112 0.1545663980 0.6567152002 -2.7192712503 -0.3136003762 0.1521682816 0.6458161320 0.8131178352 -0.5582460223 -0.1885303558 0.7803863191 -0.8265552767 -1.1389203504
w1 -1.2915588727 1.2949663648 -0.1087939616 -1.1277615091 -0.0755874582 -1.0352918947 0.3680214363 -5.2747093834 -0.1649267217 1.0251653441 -0.2863586619 0.7934132812 0.3295010151 -1.0153504869 1.2384178065 -1.1040818754 -0.3282776183 -0.7021021054 -0.3230746061 0.0390586806 0.0735818691 -0.3139645964 0.3655209748 -0.3837895003 0.0631530207 0.0455758974 -1.2747332459 0.3365230086 -2.3898974634
w1 3.5933547761 -0.6310564014 -0.2460157551 -1.1817322393 0.1660744200 -0.3772157379 -0.0088762292 1.5087093232 -1.3523454317 0.9004983104 0.5154379440 -0.1614548306 -0.8184942658 1.3149996543 -1.1127462154 2.2751856853 0.4367943971 -0.3649730915 0.1599427050 -0.3110931310 -0.1474810226 -0.1862108086 -0.0104567452 -0.0131445365 0.2924663779 -0.2753545656 2.8393064266 -0.9737556562 0.7244075447
w1 0.6932485611 0.3488258965 0.8596063191 0.2587592711 0.3247310905 0.5150883615 2.0556181706 -0.0714996910 -0.0580187557 -0.2646139332 0.2687871182 -0.3618785975 -0.2305589472 -0.3334432357 -0.4677800248 -0.4930948578 -0.6720791193 -0.4277975143 -0.6335085763 0.5193173713 0.4536749438 -1.1549831988 0.2535314515 -0.1026866505 -1.0139312138 0.2874120169 0.4541300262 -0.1493358587 -0.7101428727
w1 -0.3035312645 0.0226044156 -0.0793178583 -0.0293290598 0.5190061970 -0.0935752171 -0.4889871768 0.3840478430 -0.0795832749 0.2863815037 0.0071865906 0.2927415156 0.5114203747 0.6666196273 0.2554631291 0.4972715087 0.3105549089 -0.4343778664 -0.3387970169 0.0928181178 -0.1311628130 -0.3417693159 0.1534989109 0.1205275769 0.4627046407 -0.4899449182 0.1789924389 0.0595990681 -0.1477664069
w1 0.7235863199 -1.4690790512 0.1798718137 0.0784365762 0.4678039742 -0.1052636276 0.4325166029 1.5853267279 -0.9865546394 0.1272733032 0.1468448313 -0.5720111600 -0.5371751812 1.0135366817 -1.0398415808 0.2751354204 -1.1212421282 0.4784734673 -0.2512081309 0.3815669349 -0.2020656987 -0.2026415165 -0.1454331877 -0.2324336768 -0.5417712844 -0.4729021281 1.1399417597 0.8907949173 -0.4531751400
w1 0.1221326310 -1.3026791813 0.4457010660 0.2751919854 -0.0689776738 -0.2008551009 -1.0708489679 -0.5111445730 0.0700508090 -0.1357677296 0.2333495607 -0.1642956463 -1.9003806666 0.1842838939 -0.8480606224 0.1836683247 -1.1593895628 0.3804793464 -0.6888452235 -0.3180786420 1.0982101109 -0.4060875268 -0.2910269941 0.0806081746 -0.4518389551 0.0178536183 0.1060522515 0.1821119169 0.9565724020
w1 0.7779897108 0.6065084070 -0.1030980611 0.0995895533 0.1113245635 1.5819347190 0.4479638575 -0.8400837867 0.5145922106 -1.6396504730 -0.2532679023 1.3750143493 -0.4017058378 -1.2447272757 0.2468572276 -0.8285778973 1.2218384004 0.3051808272 -0.0505831799 0.8976652320 1.6621590238 0.1643458310 0.0710775220 -0.2057029855 -0.0155911314 -0.2571726325 0.7783548574 0.3717508259 -0.5626545566
w1 0.1518414381 -0.1095994695 0.1148391923 0.2124748636 0.0645853203 0.0462788571 -0.0493771797 0.0748668135 -0.0234989766 -0.2649286021 0.0627016638 0.1160684974 0.0780975480 -0.1292541494 0.0860201351 0.1382743138 -0.0097041801 0.0762277446 -0.0154322026 0.1517531676 0.0202338617 0.1778759797 0.0742407078 -0.1964758512 0.1996240466 -0.0263600043 -0.1988202219 0.3387333178 -0.1254728857
w1 0.2145956743 0.0938453314 0.4675842407 -0.0109059507 -0.0280473435 -0.2978724139 -0.0518924160 0.7123387235 -0.6457684185 -0.5233063774 0.4362221243 0.5351135606 0.2828149025 0.0414875300 0.2198040191 -0.3564154902 0.4361189045 -0.0940325405 0.3417576555 0.1873714359 -0.0946874459 0.3712881511 0.2065330651 -0.0000234191 -0.0837830086 -0.5479310200 0.2200890775 -0.1190620506 -0.2299638925
w1 -0.3409585755 -0.3387974006 -1.0578292230 -1.8546396201 -0.0686384562 0.2128718762 -0.6025244890 -1.5209817248 0.4100726698 -0.3616843766 -0.3824835210 0.7112563226 0.3967996974 -0.5604895447 0.6466822884 -0.1498292816 -0.1032663140 -1.0971650069 -0.1882815633 0.4895065138 0.2255447233 0.0021647520 1.0122159235 0.2728366812 0.1008027537 0.4194676643 -1.0042638868 -2.2849979319 -0.0712748899
w1 0.4684582660 -0.4989135756 -0.3704680912 -0.1787104644 0.3720566020 -0.6529949203 0.1812476400 -0.0559318002 -0.2781513273 -0.1968979619 0.3600042411 -0.7316976953 0.4690446209 -0.3782442278 -0.2352038501 -0.2659630653 -0.3294145963 0.5985645649 0.4144647792 0.3645896235 0.2257693506 -0.0540346941 0.2214346918 -0.0300761064 -0.0904457334 -0.9941088585 0.5405234167 0.4092980854 0.1615128946
w1 0.5802891543 0.4067493371 0.9487441943 0.9272912735 -1.8535496474 0.2559035960 1.0568642374 -1.3375571860 1.3878585297 0.1887157205 -0.1842988085 0.6508090250 1.2167109566 -1.1544918891 1.2539393127 1.3737264405 -1.4400013786 -0.6968844046 0.1928153680 -0.6819431724 0.3128946946 0.3902726378 0.0867134376 0.1302297866 1.2658153338 -0.6771937666 0.9506900506 1.0957706314 1.4086536475
w1 -0.1646272865 0.9816798653 -0.3251145290 -0.2926369724 -0.6010218862 -0.1952891384 -0.4016443859 -1.7178760114 1.6804719055 0.5112590766 0.2623173857 -0.4303048693 -0.3949193610 0.1897814495 0.4233350269 -0.5810264151 1.9283887857 -0.3726699475 0.0495580341 -0.2285440898 -0.8190651012 0.2181026392 0.3371572944 -0.2109951078 -0.7523112845 -0.0668553645 -1.3822532889 0.0864638535 -0.5546325980
w1 0.3676620563 -1.3938933922 -0.0167493345 -0.3162255428 -0.7304286808 0.2181974667 0.2405287796 -0.2553932425 0.2990517099 -1.2297073470 0.5973074559 -0.9895259095 0.5594771972 0.1429229928 0.6130899767 0.6416270223 -0.3365275924 0.2102690513 -0.1680585337 0.7709300741 -0.8339448152 -0.0492273233 -0.2097677614 0.3046890884 -0.2977763408 0.5932697063 -0.6429359567 -0.4158254522 0.4961098066
w1 -0.3489584179 -0.8826538956 0.3424612104 0.6603920277 -0.2670271546 0.1802503451 0.8969425659 0.2296471956 -0.1890567332 0.7735651265 0.9820609909 -0.7077867305 -0.0643738896 0.9506347710 -0.4300671160 -0.7141203958 0.6222459811 -0.0053100956 -1.2640715322 0.0531813484 0.9366921638 0.0479879660 0.1348457810 0.1783244071 -1.0342319572 0.4968988316 -0.0879709960 0.4535381052 -0.1513157693
w1 -1.4403373782 0.9447369480 -1.1754814377 -0.7431268217 -0.9125940025 -0.2271561223 -0.9177158011 -0.8012218286 1.1349913917 0.0935469493 -0.1762641988 0.7700162103 -0.1871467498 -0.2236429171 -0.3495732293 -0.6710935635 -0.2458630032 -1.2420663217 -0.3066341026 0.0810575992 0.5673119170 -0.1154066288 0.3947876425 -0.0131085400 0.3192640725 -0.3587022960 -0.8578087778 -0.4892747293 0.4350583113
b1 -1.7745029677 0.0173021597 0.0393346391 0.6096551935 0.2265356487 -0.0433686838 -0.0644740993 0.0811511005 2.9549779128 -0.8453219800 -0.4213320786 0.0524139334 1.0819804164 1.2461135720 -0.6100064239 -0.0680932025 -0.0754354363 -0.6528609138 0.1731905262 -0.0034173817 0.3709069321 -0.3645894009 0.3121729575 0.1685189927
w2 -0.4484253779 -0.0431734684 -0.1137154058 -0.5519651461 0.2764988746 0.1502683982 -0.4752067527 0.7456433278 -1.0858006172 -1.1002158240 0.3523205559 0.2217240026 -0.4307080392 -0.4400102171 0.3323204850 0.0074997991 0.2884813043 -0.6121955793 -0.2057281708 1.0047875191 0.3752048280 -0.3026352855 0.3734969832 -0.4161505532
b2 -1.2971963725
