net 32 24
W1
-0.45005 0.00865 -0.23235 -0.89627 -0.89907 -0.40473 -0.46109 -0.40099 -0.33799 0.28756 -1.05234 -1.36479 0.49460 -0.56493 -0.22388 0.22115 2.26274 2.10835 -0.49591 -1.00127 -0.34497 0.14225 -0.32344 -0.32134 -0.41257 0.31609 -0.96391 -1.21981 0.64849 -0.00872 1.12102 -0.76016
-0.24286 -0.73933 -0.71824 -0.05244 0.10304 -0.50663 -0.36995 -0.08384 -0.44255 -0.45371 -0.20526 0.06272 -0.50243 -0.76812 0.01388 -0.30356 -0.13803 0.22933 -0.10169 0.09416 -0.13712 0.21126 -0.41631 -0.14985 -0.11224 -0.01863 -0.08052 0.23029 -0.36083 -0.56443 0.10486 -0.05122
0.30825 -0.99872 -0.28910 -1.16116 0.89180 -0.26820 0.01591 -0.45180 -0.34409 -0.11814 0.90945 0.98753 0.23159 0.13298 -0.06675 0.18802 -1.38324 -1.43877 -0.45647 1.60314 0.23695 0.49521 0.14862 0.97645 0.08812 -0.05545 0.92022 1.20934 -1.16911 -1.78328 0.53883 1.28029
0.04566 0.39683 0.62211 0.43960 0.06852 0.20692 0.78155 -0.06597 0.47300 0.74104 0.42149 0.32203 0.07734 0.73040 0.60496 0.36581 0.46758 0.50054 -0.16058 0.24468 -0.09725 0.68968 -0.36291 0.22944 -0.00279 0.45749 -0.34106 -0.66730 0.57537 0.53646 0.01483 -0.48968
0.25695 0.02151 0.93892 -0.12396 0.49660 0.63662 0.79418 -0.05961 0.17091 0.37744 0.47049 0.25981 0.58209 1.22399 0.61022 1.09341 -0.05304 0.10645 -0.29079 0.23048 -0.41696 -0.34848 -0.00483 -0.02285 -0.09244 0.28299 0.34258 0.53556 0.11937 0.45209 0.12797 -0.01101
0.57312 1.42168 0.13789 0.50528 0.30008 0.29593 0.09291 0.28509 0.42116 0.57781 0.46665 -0.05132 -0.21186 0.06397 0.53047 0.06559 1.53696 1.43825 0.17920 -1.44591 -0.50743 1.84651 -0.35982 -0.70098 0.23844 0.17649 -0.36993 -1.37633 0.49758 1.70521 0.10677 -0.60088
-0.19141 -0.77243 -0.43265 -0.26547 -0.60424 -0.52540 -0.72400 0.09111 -0.47673 -0.16146 -0.31059 -0.29779 -0.74082 -0.55886 -0.35114 -0.50458 0.01906 -0.10711 -0.24832 -0.33665 0.03699 0.53159 0.16536 0.14152 0.22928 -0.00501 -0.01523 0.20952 0.62013 0.27411 0.12438 -0.48491
1.21195 0.36451 0.37824 0.29535 1.16620 0.41655 0.54478 -0.19232 0.30124 -0.05098 0.96206 0.80729 0.01434 0.59383 0.85366 -0.12596 -1.64064 -1.59244 0.70030 1.22548 0.48797 -0.26955 0.33762 0.37902 0.34660 0.31301 1.22055 1.56879 -1.06650 -0.64976 0.56344 1.05930
0.09925 0.29981 0.36609 0.20380 0.11735 0.25929 0.59248 -0.13987 0.13174 0.48847 0.01840 0.18613 0.42515 0.43404 0.77996 0.42568 0.06489 -0.05978 -0.07722 0.40645 0.36941 0.10065 0.18441 0.11098 -0.29150 0.19689 0.22674 0.31653 0.21059 0.26836 -0.15092 0.09422
-0.01105 -0.28367 -0.54420 0.18429 -0.06567 -0.49251 -0.55481 -0.22563 0.21284 0.05164 0.08496 -0.32765 -0.23846 -0.38408 -0.53567 -0.41482 0.09040 0.49019 -0.25183 -0.22919 -0.22048 -0.26294 -0.12468 -0.25345 -0.04995 -0.14243 -0.30123 -0.28606 0.00015 -0.25722 -0.35550 -0.21354
0.01774 0.27232 0.27864 -0.12362 0.48391 0.45404 0.33018 0.04616 0.15566 0.44837 0.22699 0.48009 0.95169 0.66927 0.28135 0.69891 0.11191 -0.21358 -0.26603 0.11033 -0.15230 0.14299 0.13743 0.32830 0.20504 -0.05538 0.04804 0.14736 0.21491 0.43182 0.15915 -0.23737
0.00663 -0.33213 -0.13382 0.15896 -0.31657 -0.64750 -0.28066 -0.21985 -0.38586 -0.42352 -0.44155 0.00997 -0.44352 -0.71492 -0.13973 -0.36457 -0.16280 -0.10345 0.00451 -0.35137 -0.18132 0.05712 -0.12850 0.05014 -0.13249 -0.06556 -0.36572 0.02301 -0.09037 0.21134 -0.17502 -0.29458
-1.03452 -1.17796 -0.37873 -0.83236 -1.12680 -0.38625 -0.73014 -0.09963 -1.01286 -1.04911 -1.86826 -2.14925 -0.65340 -0.08227 -0.65375 -0.79922 0.73238 0.37105 -0.18668 -0.67991 0.57473 0.39929 -0.26978 0.39296 -0.40486 0.70881 0.81329 0.56635 0.84716 2.36064 -0.32404 -0.22641
-0.11744 0.02209 0.50968 -0.11912 -0.10892 0.60921 0.52752 0.36187 0.34379 0.44799 0.28381 0.38008 0.41922 0.76853 0.23052 0.52555 0.09200 -0.11818 0.05916 -0.08229 0.08198 0.32186 0.13573 0.41606 0.48524 0.09123 0.39383 0.17086 0.37911 0.12409 -0.24927 0.22924
-0.88972 -1.03395 -0.20460 -0.56517 -1.00769 -0.41914 -0.31690 -0.02153 -0.76548 -0.45409 -0.65319 -1.21266 -0.08606 -0.36269 -0.65327 -0.02556 2.11488 2.04765 -0.46995 -1.16335 -0.73024 0.16812 -0.43791 0.11951 -0.38724 -0.17324 -0.54689 -0.79825 0.78748 0.30233 0.05013 -0.83512
0.11365 0.26239 0.26770 -0.02346 -1.04658 0.18917 0.34346 -0.19766 -0.80407 -0.36349 -2.16033 -2.97769 -0.06155 0.11258 0.34246 -0.09314 -2.24792 -1.91101 -0.15861 0.78487 0.04174 0.43917 -0.48035 3.38961 0.58209 -0.01797 0.63160 1.39779 -0.75525 -1.76081 -0.50720 0.41700
0.16578 0.76593 -0.65472 0.01544 0.74775 -0.27920 -0.24701 0.00915 0.06939 -0.32870 1.42121 0.91519 -0.42881 -0.65899 -0.36911 -0.62070 -2.02158 -1.76832 0.41509 2.43323 -0.57903 -0.53327 0.66993 0.30108 0.30774 0.24677 -0.00705 0.33518 -0.87848 -0.75225 -0.34368 0.50309
-0.01461 0.57501 -0.07967 0.36166 0.07811 0.96428 0.77370 0.07435 0.15864 0.35986 0.54740 0.84422 0.35511 0.49871 0.51475 0.49683 -1.92768 -1.23461 0.40852 0.75188 0.52896 -0.38845 0.17147 -0.19992 0.25874 -0.04547 0.40599 0.56813 -0.25108 -0.42970 -0.24792 0.53871
-0.81625 -0.93961 -0.57246 0.13618 -0.00897 -0.54440 -0.66551 0.11037 -0.08124 -0.67904 1.21286 1.84747 -0.45296 -0.51226 -0.24752 -0.08702 2.94481 2.09871 -0.47143 -0.15707 -0.43442 -0.01581 0.11300 -1.33550 -0.18732 -0.87921 -0.62616 -1.20383 0.44612 0.11350 0.74028 -0.35497
0.50702 0.03889 -0.05084 -0.62901 -0.77530 0.07847 0.16949 -0.28295 -1.11695 -0.40769 -0.84798 -1.35636 -0.53615 -0.61942 -0.65846 -0.59822 -1.79624 -1.41893 0.49858 1.71698 0.45544 0.04083 0.02076 1.42444 0.55640 -0.48538 1.33505 1.65858 -0.28817 0.61289 -1.17052 0.61168
-0.03731 -0.06600 0.48830 0.02370 -0.03509 0.50264 0.62653 -0.07895 -0.02727 0.45939 0.29352 0.33822 0.66099 0.85924 0.31922 0.76771 0.33027 0.28543 -0.07928 -0.20333 -0.10946 0.86463 -0.64471 -0.16335 -0.13229 -0.25948 -0.09466 0.02819 -0.12455 0.27352 0.04363 -0.09908
-0.05264 0.09528 0.35411 -0.18875 0.38676 0.84086 0.20998 -0.01104 0.27151 0.33134 0.49765 0.26391 0.55560 0.36420 0.37335 0.58665 0.08998 0.08264 -0.04682 0.03879 0.16018 -0.07417 0.21862 -0.05054 0.00152 -0.05331 0.03707 -0.13724 0.10317 0.50040 -0.03708 0.06458
0.04504 0.08647 0.59743 0.11044 -0.05965 0.81988 0.49769 0.11270 0.08565 0.45179 0.05879 0.48883 0.62674 0.72081 0.48286 0.90333 -0.27885 -0.63925 -0.49902 0.15305 -0.32167 -0.11358 0.31571 0.33210 0.37033 -0.03096 0.29073 0.44235 -0.02537 0.55021 -0.16213 0.14629
0.66250 0.27481 0.21096 0.72575 0.12361 0.61944 0.65128 -0.40069 0.14364 -0.07786 -1.26651 -1.21521 0.25174 0.79002 0.49940 0.30068 -2.08357 -2.03588 -0.03747 0.45220 0.83113 -0.52916 0.33572 1.73678 0.33572 0.01941 0.32868 0.92570 -1.34167 -1.67112 -0.51618 0.85223
b1
-0.74371 -0.63324 0.42299 0.65230 0.70474 -0.03145 -0.86536 0.54901 0.64128 -0.71019 0.71338 -0.83684 0.51612 0.79341 -0.52150 0.06320 -0.15814 0.50586 -0.78600 -0.41601 0.78042 0.71313 0.69963 1.21587
w2
-1.03973 -0.09716 1.29255 -0.44238 0.07328 -0.45952 -0.19371 0.58275 -0.21535 0.06087 -0.17556 0.00287 -1.07711 -0.00867 -0.51386 0.57170 1.06596 0.44065 -0.61503 1.39627 -0.46236 0.01898 -0.18610 0.54045
b2 0.00000
