# ValueNet: оценка позиции по признакам StateFeatures
in 33 hidden 24
w1 0.4933404444 -0.4518035913 0.0670936839 -0.3141617314 0.1836045303 0.3017720642 -0.4835191410 0.1712655558 -0.4182182400 0.2151493771 0.1535038661 -0.3053118455 0.0424633084 -0.3928272913 -0.3287872420 -0.3041885630 -0.2851435537 -0.0783516861 0.1570578573 0.0278183777 0.6683297495 -0.0673032614 -0.0928596040 0.0465662994 -0.1839457677 0.8385682829 0.7361128816 -0.1559683898 -0.0625638054 -0.2258468012 0.1822610543 -0.4064403058 -0.4407967358
w1 -1.0934807179 0.0207337822 -0.1334632239 0.4284093698 1.2362438323 -0.4255681261 0.1375056527 -2.5253120412 0.1288224508 -0.9167843710 1.0737684975 -0.6675277974 -0.2840769717 0.7937117687 0.5777641058 -1.6379403908 -0.2794398500 -0.6573831470 0.6698196330 0.5643978467 0.6811722710 -0.4444756308 -0.1964670707 0.8383831906 -0.3271110227 -0.1672539043 1.9312384453 0.0653286972 -0.6439926240 -0.1064696432 0.1338298428 0.0082665535 -0.2889704525
w1 -0.0532196013 0.3557845197 0.0683159818 -0.1271958233 -0.0306800518 -0.1865524927 0.1249805150 0.0309160250 0.0122840866 -0.1089440134 -0.1225620975 0.1645744114 0.3182826222 0.1942182638 0.0118882965 -0.1086826385 -0.0376802816 0.0278606107 -0.1574961989 0.1707584706 -0.0856478251 0.0335768401 0.0947679315 0.0516021073 0.0579263797 -0.0663831401 -0.2330818415 0.3839675402 0.0640387426 0.1224343091 -0.0514539561 -0.0029008180 0.1687023450
w1 2.9866328735 -1.3104441482 -0.9666884011 -1.0387599385 0.3053528384 -0.5312226722 0.8864805328 5.0861712078 -0.7100867387 -0.3995855237 0.1750547327 -0.2416629347 -0.1014013344 -0.4775990606 0.3454545053 -0.1181034213 0.0601203221 -0.5248223621 -0.3024948301 0.0179417475 0.2304709987 0.1303003518 0.4734211298 0.7914129237 -0.0115582316 0.2310343597 -1.4136521366 -1.7053457946 -0.0200073378 0.3898820267 -0.3950808581 -0.2520725797 -0.1313202971
w1 0.1175243541 -0.6825676939 0.5828585869 0.2726661607 -0.6136451049 -0.0413813609 0.5670703694 0.7980892764 0.4183038508 0.7620548176 -1.0569927348 0.4670680205 0.5669654842 -0.8212146352 -0.3075494330 0.9445741744 -0.1740790816 -0.0259799847 -0.7464138532 -0.6042002831 -1.2674769525 -0.2328027162 0.3153268326 0.2650722762 0.1498414385 0.4229458563 0.2247883880 0.9500578681 0.6613034042 0.2076925548 0.1715404476 0.0888765979 0.1270806950
w1 -0.4352887956 -0.5293521818 0.2450020308 -0.5027198929 -0.1618074835 0.2957960450 -0.4455376553 0.7098386263 -0.2771170424 -0.0572608985 -0.3775168485 0.2252795924 0.1396295425 1.0860469820 0.4406621359 -0.0839433810 -0.1285727038 -0.2026003513 0.4618294710 -0.0982281448 0.0314253055 0.5678497053 -0.0772930377 -0.4127346514 0.1817144096 -0.2953902796 -0.0299486984 -1.1502543335 0.2315325408 -0.0524754923 -0.1178887260 -0.0450330229 -0.2067467910
w1 0.7969841351 0.1184958487 -0.2956641815 0.5283104957 0.3617843336 0.2484493496 0.0044534681 0.9808854213 0.2078521880 -2.5773250677 0.4202990744 -0.2437688562 -0.2588076542 0.4760607665 0.6964462849 -0.2977908157 0.7144350614 0.0953163610 -0.1468321098 -0.7045477860 0.2582121441 -0.0959712475 0.6256971956 -0.3006254326 0.8231071610 -0.2273889353 3.0078838953 -0.4094838008 -0.1078491951 0.1349150282 0.1677640146 -0.6916383949 -1.2392856643
w1 0.5054136169 0.1390071660 0.5548107010 -0.1642910979 0.5519009388 0.1946553543 2.0747717842 -0.2301762413 -0.5598674500 0.5859225555 0.7459497731 -0.7974067332 0.0087670740 0.9106997961 0.3411786980 -0.1189115792 0.7081449264 0.5037018013 0.0691751612 -0.2036905980 -0.7499565679 0.6782285942 -0.2921024340 0.4672483681 -0.2506038222 0.0240786947 -0.3665386859 0.5911211598 -0.6831158230 0.2249651158 -0.2416930694 0.5888519531 -0.0766585442
w1 -4.1617520644 1.8749030196 1.2800707467 1.1142890690 -0.0442086524 2.4519930258 -0.1262718304 3.1927595924 0.0434831839 0.0578190826 -0.0898662590 0.1409875806 0.3544291369 -0.2425013073 1.0986567041 -0.7203221459 1.5524139402 0.2806596031 0.0067212932 0.9033770929 0.1674386488 -0.0068623997 0.8901332604 0.4876617708 0.2224360474 0.0728519378 1.3884369449 1.6680603319 1.4516522147 -0.2930315682 0.4259786432 0.5695581724 -1.3297380478
w1 -1.5137004309 2.9867764926 0.3865443357 1.0725425321 0.0696577770 0.1510001263 1.0043298931 -1.4639328771 -0.0035166140 -1.3694388402 0.2389700592 -0.2903941090 0.8629591628 1.0700410706 -0.7127047323 -0.6072166617 0.5821344537 0.3623400462 0.6595327707 0.0546303686 0.2200684605 0.0186084618 -0.1236459776 -1.1411270344 0.3366777551 -0.2396038583 0.8869214909 0.3599945723 0.4782628694 0.2045949121 0.4442972590 -0.3881451423 0.5480338625
w1 -1.0067206946 0.4080298437 1.7686874587 6.0481765836 -0.3863848782 2.0531700662 -0.1864588508 -1.7661036908 1.4812016190 -0.6232729173 -0.1652713176 0.0555007642 -0.4344263714 1.5064425006 -0.2425003344 0.3137270842 -1.3199165457 -0.1308843779 0.0219112675 -0.0201598945 -0.4620094484 0.0260740061 -1.3946019529 -0.4088563539 0.4296936114 -0.1643530778 3.2250425609 0.2496797823 0.1630347034 0.4080612706 0.1626572098 -0.3574299637 0.0479212945
w1 -2.0405168924 1.3438182819 -1.7107054421 -2.2831339386 0.0765394464 -1.6659525083 -0.8104983709 0.2223833988 -0.1394728308 0.0443694668 -0.3966935821 0.0026530867 0.2310901843 0.2576718735 1.4604772948 -0.4138160753 -0.3148301435 -0.5834258311 0.0004706670 0.1347327533 -0.4347562377 -0.1089678380 -0.6428093609 0.3755722377 -0.1575433169 0.1349670375 1.3772665945 1.9832039639 -1.2344089349 -0.0462591476 0.1745590677 0.6082026567 -0.7646127931
w1 -0.2975542581 -0.3214086489 0.2618644973 0.1075869485 -0.0626563424 0.1964364188 -0.3509516371 -0.1096596664 -0.0314305421 -0.1255126511 0.0391504001 -0.0451454719 -0.1200604831 0.0484240313 -0.1803388084 -0.6136148549 0.1139637604 -0.1319143610 0.2342568236 0.1517703569 -0.0375331379 0.0063114138 -0.2778962197 0.0735638308 -0.0869426259 0.0131523868 0.5995492550 0.0218800539 0.5280835286 -0.1258403224 -0.0369224523 -0.0377854550 0.0752648809
w1 0.0496081975 -0.4394666088 0.2222312374 1.1576876895 -0.3950575254 0.0544857271 -0.5886431913 -0.7389708105 0.2966028172 -0.1297685456 -0.2182097922 -0.2621066414 0.3618575354 0.1548070304 -0.3910748337 -0.7812643246 0.1598005406 -0.3273941918 0.4281799757 -0.3662767543 -0.3996924217 -0.1172695948 -0.1053952832 0.0791704450 -0.2591894347 -0.3224183614 0.3604321476 0.6681029453 0.7814811032 -0.2037516270 -0.2011755887 0.0446133405 -0.4253373471
w1 -0.3351980714 2.6260741100 -0.0583767393 0.2430780898 0.1194014770 -1.2653523250 0.4576411745 -1.2691687225 -0.8397469733 1.1750677079 -0.0940667892 -0.4725249876 -0.4318849142 0.2048537181 0.1992249329 0.2413278863 0.7851314064 0.8311718290 -0.0480349350 0.1179215181 -0.0694910143 0.1802456583 -0.0327691468 0.1638742055 0.1660435675 0.0967708323 -0.1000751803 -4.1249557701 0.3728403492 0.0574413918 0.0404102766 0.5266931532 -0.5639228146
w1 0.6830044076 -0.0948595543 -2.0848509051 -3.9460156405 0.3471082115 -0.5841565025 -0.7749689075 -2.9907250454 -0.5379402009 -0.4035408837 0.5353536258 -0.3254424260 0.0876031873 0.5965451731 -1.4338683371 0.1501487961 -0.3925990008 -0.0061680606 -0.2360366681 0.0071004846 -1.3944799482 0.4939786190 -0.2830694534 0.5523454484 -0.0286784423 -0.1965798152 -1.6405622051 -1.0130587397 -0.7458175775 0.0553019008 0.5218653396 0.0435517269 0.8347493730
w1 1.2064309352 0.2495913095 -0.4042941576 -0.0356460753 -0.3222452507 -1.3503091488 0.3540577231 0.0111746227 0.8359579697 -0.5717665659 0.3664036830 -0.1838056454 -0.0348825594 0.1980656318 -0.2159213664 -0.7705820975 -0.2174900023 0.1739030106 0.2643516023 -0.8819682255 0.4951698818 0.2083435035 0.8878601463 0.4474878106 -0.4159927511 -0.0054096469 -0.3169806199 0.7891955031 -0.3157471301 -0.0491877470 0.1853792541 -0.4764186866 0.6342867857
w1 0.5159309400 0.2283325691 -0.9468401283 -0.2776077387 0.2008137049 -1.1830596569 -1.2311063484 -0.0403049256 -0.4007152662 0.5600069955 -0.1451121243 0.1329801580 0.3902100520 -0.8438707268 0.9720532464 -0.6383993908 0.2281430158 0.0394955270 0.0375697021 -0.2495575067 0.1355998116 -0.1249519615 -0.1215236865 -0.6095123926 -0.4825473795 0.1102622624 -1.8593230301 -7.8600691599 -0.8069432968 -0.1823400828 -0.3967480386 0.0431460706 -0.1339027236
w1 -0.1286093509 -0.0980409398 0.2147272558 0.0450958982 0.5080277384 0.6806110726 -0.0059059148 -0.9038579739 -0.0532040380 -0.0217561580 0.1144867528 0.8884496332 0.0095070616 -0.6114631874 0.4732570503 0.2339104023 -1.1638420399 0.0859367491 -0.3727048831 -0.6228373611 0.2978426301 0.2246496051 0.0066732038 -0.1208629195 -0.6028248348 -0.1477471873 0.2631571853 -0.9609933890 -0.2284720284 -0.1606374201 0.1897212161 0.7296780015 -0.8168381890
w1 -0.0992133547 0.4331402712 -0.3206515340 -0.1384551629 -0.0031687507 -0.3968826948 0.2018606620 0.0039302258 0.0033039625 0.0103974473 0.2692681443 -0.0548997333 0.6260068296 0.5258630596 0.3655591332 -0.0065395792 0.4422853421 0.2162559206 0.0501504090 0.2908339944 -0.0749888237 0.0597684679 -0.0083894609 0.2200285447 -0.3052793378 0.0962571812 -0.4170356268 0.2320300240 -0.1151543557 -0.3072255660 -0.0933155251 0.1044393832 0.1642275639
w1 -4.3478892095 0.7947490310 0.2033542130 0.4242718685 -1.0178561365 4.7571810620 -0.3091316748 0.9066913611 1.3136226068 -0.7914180983 -0.1081145272 -0.3422602521 -0.4102783590 1.7810645297 3.9513763318 -1.1959155280 -0.2750055413 0.3206801079 -0.0633652056 0.0155976715 -0.3291109740 -0.1917127494 0.3515096182 0.0131337430 -0.6856550425 0.3052824411 -2.0438978788 1.3069734695 -0.4294783588 -0.2234714492 0.1356924323 0.5848926286 -1.5566881570
w1 1.3837055402 -0.9651875164 -0.3398960973 -0.4962394723 -0.2824494382 -3.6819181072 -0.7594824188 -0.1211645632 0.2196366670 1.1638615650 -0.2629158096 -0.8967731498 -0.2331824930 -0.3612554216 2.3642378351 -0.6810760308 1.5079696026 0.5086087966 0.3970029091 0.3183364005 0.2678096423 0.0328050453 0.1159227275 -0.3507035419 -0.5674878229 0.2070475637 -1.4406588684 -0.4430029990 1.0892488570 -0.0597002044 -0.0499418795 -0.1473780432 0.3173948385
w1 0.4631888618 0.7346288740 -0.1423327577 0.2190882158 0.6843358649 -0.3248168141 -0.8131849199 1.5751766918 -1.1892255838 -0.0652594261 -0.5567924485 0.1901476097 0.3168571086 -0.4132613026 -1.9425304207 0.4238136390 -0.2854368949 0.1373997183 0.1969180718 0.1861490936 -0.3309091131 -0.1141510690 -0.3743929278 1.1878689734 -0.1346313187 0.1383926954 -0.5697132341 0.8583845251 1.3894721694 0.0185462068 -0.2125798466 0.2511899100 -0.4989871644
w1 0.1938595442 0.3600597023 -0.2105691221 -0.3234234145 -0.1782281182 -0.2859549481 0.2588088215 0.0409571445 -0.0286061622 0.0728774558 0.0627314471 0.1265302777 0.3764353923 0.0426690468 0.1861371259 0.1986673181 0.2079292011 0.3524637891 -0.0447530258 0.1512156518 -0.1209401299 0.0201227694 0.0935552663 -0.0310008298 -0.1639923682 -0.1116456535 -0.1223278319 0.4032334614 -0.3349348830 -0.1178910306 -0.0130200185 0.2348415144 0.3190510701
b1 0.2739141479 0.0698834057 -0.0134925581 -1.7831027775 -1.9167500638 -0.1362562688 -0.2306045934 -0.5749238504 -1.8748414444 1.6799639973 0.1235198688 1.5517535582 -0.1827839894 0.0368509615 -0.4131559154 2.7069511590 -1.4406048647 0.7694040991 0.8619656754 -0.1411023897 -1.2273727665 -1.2228517491 1.0967519576 -0.0799860175
w2 -0.1653320441 -0.2246500121 0.0882577313 -0.2513959503 -0.1909093877 -0.2445063374 0.1362114210 0.1794234675 0.4149331095 0.1431602432 0.4391185830 -0.4641976562 -0.0780842769 -0.1767649772 0.4728020843 -0.1943781337 0.2382710091 0.4575282068 -0.1903749686 0.1273083898 0.6698485726 0.3380051823 0.3269955696 0.0930052114
b2 0.5492703293
