# ValueNet: оценка позиции по признакам StateFeatures
in 29 hidden 24
w1 2.148082 -1.175757 0.342691 -0.526116 0.974835 -0.447294 -0.134596 1.627482 -0.419267 2.395634 -0.614037 0.887767 -1.521484 -0.365907 -0.514501 1.169631 -0.896826 1.201257 -0.690398 0.185971 -0.820350 -0.517660 0.313182 1.071605 0.609819 -0.345557 -0.024682 0.128273 -0.795924
w1 0.197696 -1.307700 -0.242514 -0.365132 -0.464473 -1.056908 -0.048648 0.054446 -0.467017 1.123597 -1.170829 -0.657090 0.001043 0.565087 0.921075 1.541264 -0.011877 0.255099 1.503213 0.598100 -0.408906 0.144006 -0.200342 -0.374038 -0.057898 -1.507733 -0.142565 -0.143947 0.336307
w1 0.339906 -0.136030 -0.394621 0.030914 -0.040157 -0.097930 -0.082814 0.048427 -0.072872 -0.262617 0.312009 -0.115231 0.158841 -0.111243 0.085201 0.093636 0.124829 0.074521 0.041036 -0.076092 0.149356 -0.004847 -0.171495 -0.310865 -0.194507 0.114338 -0.122488 -0.009070 -0.132451
w1 0.246629 -0.149477 0.039119 -0.931407 0.142794 0.383109 0.027796 4.040282 -0.921442 2.348361 -0.233253 0.905281 0.051138 -0.414938 -2.080498 2.367919 0.909894 0.229591 -0.099470 -0.006872 -0.056344 -0.335077 -0.151452 -0.819333 0.163429 0.118786 0.463668 -0.689411 -0.314953
w1 0.750733 -0.518319 0.217974 0.170613 -0.494289 0.566364 0.037105 -2.111408 -0.230663 -0.135621 0.156204 -2.028429 0.290627 -0.395854 3.043072 -0.853996 -0.476123 0.484659 0.194368 -0.425277 -0.468129 0.116659 0.172242 0.044048 -0.840960 0.067375 1.239555 0.475224 3.300336
w1 0.410535 -0.243632 -0.178362 -0.317295 -0.260600 -0.500217 -0.384769 0.716225 -0.591577 0.421834 -0.122560 0.199974 0.946436 0.413507 -0.472000 0.089645 0.509479 0.019133 0.456953 -0.320982 -0.178794 0.048334 -0.059484 -0.174218 1.306343 0.824721 0.948148 -0.312842 0.976003
w1 -1.353287 -0.094796 0.844796 -0.576253 0.090882 0.294017 1.396884 1.469261 0.713519 0.642336 0.901953 1.044211 0.524830 -0.113398 0.714690 -0.183464 -0.626296 0.355125 -0.051629 -0.172532 1.239675 -0.453270 -0.010999 -0.388988 0.100868 0.437395 -1.681993 -0.179405 1.175945
w1 -0.824941 0.379065 0.370392 -0.243626 -0.463387 -0.055174 -0.078585 -0.159412 -0.021060 -0.382378 0.259560 -0.277727 -0.289357 -0.210637 0.002651 0.839462 0.678517 -0.119261 1.263558 -0.010162 0.897236 0.637979 0.308835 -0.298222 0.313560 0.735518 0.299541 0.143207 -0.582490
w1 -2.630585 2.807073 -0.172300 -1.625023 -0.179414 -1.351863 -1.020595 -1.517783 -0.759190 1.879486 -0.271769 0.671412 -0.566252 -0.005283 0.106703 -0.738680 -0.165904 -1.035867 -0.210238 -0.132940 0.346323 -0.502653 -0.306151 0.071896 0.113775 -0.517450 0.664151 0.589705 -0.742226
w1 -0.153543 -1.050980 -0.380929 -0.305002 -0.011320 0.044665 -0.852649 -2.989355 0.399672 1.062289 -0.627999 0.218636 -0.452352 -0.720044 -0.825369 -0.803154 0.136916 0.409614 0.036607 -0.833975 0.039172 0.287884 -0.400793 -0.427134 -0.506120 -0.584123 0.019700 -0.320829 -0.073509
w1 0.125846 1.009440 -0.823877 -0.348619 -0.621202 -0.037112 0.130695 1.124466 0.031954 -0.007315 0.368565 -0.005426 -0.067780 -0.375208 -0.291648 -0.424421 -0.267719 -0.084681 -0.858249 0.707783 0.042364 -0.406372 -0.237117 -0.290958 -0.572786 0.032919 -0.198968 -0.488632 0.396871
w1 -0.141671 0.352080 0.136058 -0.275606 0.423252 0.178820 -0.060076 0.011362 0.032551 0.136775 -0.267348 0.404658 0.470747 0.318416 0.008178 0.696126 0.316082 -0.148715 -0.114144 0.155735 -0.206451 -0.078048 0.167483 0.191804 -0.112806 -0.599150 0.231653 0.093041 0.012429
w1 0.849476 -2.122912 0.624454 0.738170 -0.055537 0.786374 -3.824733 0.653172 -0.114399 2.430929 -1.649527 -1.084735 -0.447369 1.624623 -1.425815 0.989174 -0.141190 -0.529262 0.395769 -0.502871 -0.187142 0.343196 -0.093560 0.016018 0.975021 0.116492 0.162125 0.063892 -0.453784
w1 0.503464 -1.801514 -1.040221 0.124795 -0.346997 -0.052647 -1.590813 -1.435678 0.529508 -0.398228 0.939881 0.214495 -1.185315 -0.324755 -0.537422 1.523422 -0.069302 0.301322 -0.524947 0.122695 1.673466 0.253732 -0.011976 -0.817579 0.065971 0.010740 -0.374302 -0.051371 -0.153990
w1 -0.194433 0.778506 0.180793 -1.296580 0.790712 0.165548 0.104680 1.594077 -0.662051 -1.428652 -0.256261 1.374717 -0.237730 0.029875 1.350485 1.050947 0.038176 0.718174 -0.051336 0.386278 -0.133395 0.359829 0.461818 0.054955 -0.045259 0.891768 0.239511 -0.619146 -0.328613
w1 -0.328282 0.163750 0.335648 -0.186582 0.965133 0.306372 0.849916 -0.120956 -0.934706 -1.170725 0.910422 -0.416277 0.915463 1.145811 0.611301 1.375688 -1.198763 -0.510411 -0.549938 0.272056 -0.232732 -0.275952 -0.187079 -0.117756 -1.483683 0.122319 1.310470 -0.199977 -0.017207
w1 0.356791 0.668565 -0.669308 0.002200 0.272426 0.345546 0.336389 -0.020792 0.104431 0.242907 -0.051354 0.017829 0.483397 -1.772550 0.848065 1.379170 -0.769240 1.770913 0.310303 0.633171 2.942369 0.294758 0.265562 0.293399 -1.327483 -0.140846 0.444928 0.087896 0.042964
w1 -1.062919 -0.053371 -0.158041 -2.135553 1.156402 -0.641261 -1.846868 -1.107913 -0.778340 -0.951480 0.907442 0.230227 0.463631 -0.427339 -0.432232 1.843363 -0.140013 -0.503821 -0.064662 0.548846 1.264717 0.059465 0.148832 -0.061367 -0.405558 -0.006844 -0.690707 -1.584686 0.119386
w1 -0.030467 -0.769161 -0.300702 -0.592891 -0.457882 0.179505 2.009344 1.165112 -0.932987 -0.509201 0.417478 -0.332242 0.027184 -0.539740 0.270144 -0.475041 -1.567665 0.872764 0.950469 -0.004045 0.351165 0.421326 0.346535 -0.068598 -0.335584 -0.365908 1.651437 -0.423402 0.108471
w1 -0.242549 0.106486 0.313738 -0.021289 -0.121420 -0.271812 0.490403 0.281663 0.676719 0.210769 -0.298320 -0.260985 -0.036530 -0.187271 -0.420173 -0.055815 0.018577 -0.316987 0.114183 0.297869 0.080940 -0.126779 0.253934 0.123767 0.583376 -1.047333 0.117190 -0.012871 0.196366
w1 -0.951502 1.139587 0.052546 -0.243356 -0.264445 0.655912 0.175084 1.026245 -0.548907 1.365397 0.880354 -1.227326 -0.143382 1.841640 1.097676 0.701608 1.486686 -1.083039 -0.551689 0.324317 0.051633 -0.460810 0.125316 0.422568 0.167232 -0.894411 -1.513288 0.113506 -0.275979
w1 0.062962 -0.162135 -0.109795 0.140003 -0.333844 0.000404 -0.282846 0.281805 0.032947 -0.255284 0.331570 -0.286598 -0.072710 -0.075472 0.185303 -0.216059 -0.077988 0.173464 0.010145 0.097605 0.048285 0.088178 -0.189729 0.270905 0.175282 0.166415 0.140758 -0.401525 0.142542
w1 -1.516893 -0.556688 1.488282 1.606834 -1.588371 -0.091930 -0.267088 -0.771833 0.192532 -1.745810 0.233951 -0.213129 -0.121832 -1.382033 0.218029 -2.201668 -2.157851 0.142126 -0.180672 -0.365074 0.146479 -0.220247 -0.152654 -0.087494 -1.137026 0.254670 -1.147600 0.878993 -0.420246
w1 -0.788402 -0.086332 -0.057534 -0.912066 0.096061 0.615335 -1.447437 0.993537 0.011390 -0.097111 -1.128127 0.271246 0.441776 -0.495413 0.097150 1.684866 -0.321360 -0.161098 0.399229 0.042022 0.870469 -0.377447 0.092432 0.001079 0.591159 0.393237 -0.587902 -0.736575 -0.046646
b1 -1.407600 -0.170788 0.047400 -0.380061 2.353191 -0.467324 -1.966728 -0.451213 1.682212 0.953264 0.500437 -0.214513 0.652874 -1.129610 -1.053644 -0.040991 -0.763719 0.640850 0.035789 -0.204483 -1.171193 -0.021814 0.658617 0.568359
w2 -0.656237 -0.257071 -0.088357 1.463061 1.675242 -0.475867 -0.498671 0.323964 -1.079577 -0.392293 -0.368788 0.210388 -0.484242 -0.387848 0.376957 -0.493836 0.406435 -0.555679 -0.385484 0.283735 0.626213 -0.144183 1.550197 -0.404958
b2 -1.946645
