# ValueNet: оценка позиции по признакам StateFeatures
in 33 hidden 24
w1 0.1854380848 0.2463967115 0.6718636558 -0.8117526780 0.2417638501 0.2172327875 0.4169969330 -0.4768311515 -0.3788861237 0.5325948631 1.1594655514 0.4648083887 0.5279788048 0.0127053469 0.0384379030 0.0710362671 -0.6193046892 -0.0279508086 -0.7956598391 -0.4179748715 0.0967086601 -0.2643781632 0.0978916314 0.4887066526 -0.7922593508 -0.4304573003 2.0473499008 -0.1546949478 0.2479632354 -0.3235381454 0.2478529756 0.5684253597 -0.6617425230
w1 -0.3359596935 -0.2042427770 -0.0412794282 0.1311341291 -0.0811543993 0.1064666697 -0.0943513153 -0.3332352628 0.1991902186 0.1279237756 0.1217065224 -0.2974576999 -0.0236248085 0.1663905325 0.2663519153 -0.1219878467 0.0658418370 -0.3688353916 0.0585042988 -0.1068857088 0.4442679423 -0.4017489754 0.0173958529 0.1429884286 -0.0517315230 0.2112791200 0.5052288126 -0.1319311376 -0.1864595101 0.0672925006 0.0567195957 -0.0993560322 0.2243284137
w1 -0.2123698495 0.0030963159 0.2948897330 -0.0385970300 0.4575597571 -0.0819326371 0.1983021287 0.3424944627 -0.1095131495 -0.0864497195 0.2192338446 -0.0325672570 -0.0180961631 0.2156465741 -0.2098391701 -0.3991056674 -0.0749111042 -0.0496658849 -0.0028170857 0.1725436850 -0.3609466867 0.2306175319 -0.0630791036 -0.0834114503 0.1257684014 -0.2706506966 -0.0481168081 0.2827526356 0.0778464579 0.2997758378 0.0254066433 -0.2018375916 -0.2088454351
w1 0.2668646788 -0.2783684557 -0.3888492399 0.1873060592 -0.1453096080 0.1489071809 0.2172163280 0.2025456855 0.0664774132 -0.3758458687 0.0406659051 0.1199283445 -0.1036202879 0.1104113977 0.3451762389 0.0134124410 0.1227254885 -0.1211617516 0.0006369228 -0.0713038971 0.0232498574 0.0170202567 0.1035829820 0.1766715261 -0.0247682595 0.0952992155 0.3783972158 0.1237830952 -0.1779584608 0.0206813213 0.0971424752 -0.3515699230 0.3022403600
w1 0.1653934116 -0.1771148307 0.4326562523 -0.0021155426 -0.4251866136 -0.0729505601 -0.1797448465 -0.4308174751 0.0145952914 0.6192710589 0.3128935728 0.7142011866 -0.0381878564 0.4025296059 0.2238322522 0.1101632860 -0.6640244958 -0.0188354625 -0.3177412741 -0.6370904671 -0.0963616673 0.2064163152 0.0970893965 0.3717026527 0.1413468341 0.0379216183 -0.1449647740 -0.0535991402 0.2516943630 0.1752917426 0.3103818785 -0.0147468892 0.3866081111
w1 0.1488941334 0.0655046528 0.5044806026 0.0346881536 -0.6933166176 0.7944008429 0.3753155385 0.1058024276 -1.1199714518 -0.0546522797 0.4169302435 -1.0280486464 0.4640915209 -0.3723464474 0.5050565797 0.1560430810 0.1114614732 -0.3598156846 0.3712912393 0.9819821366 0.7591220557 0.3978871510 -0.1637867881 -0.2035662656 0.2811265298 -0.0610282712 0.1961069029 0.0183497140 -0.0739430402 -0.4504368988 0.0524956456 -0.4785813756 -0.3027193202
w1 -0.1415929042 0.0348778371 0.7630103783 1.3396122307 -0.3596692282 0.6788468754 -1.2349168327 0.9206125592 -0.1349521346 0.4815753125 -0.1161781219 1.1033338576 0.7065039729 0.6897141020 0.2591239762 -0.2592976621 0.4056919341 0.2801683002 -0.1144199010 -0.5204900801 0.2024669882 0.4081728049 0.1729094399 -0.6493465459 -0.1011240861 -0.6301029593 0.3890073655 -0.0781432598 0.3983506931 -0.0605918375 0.1863248050 0.5553315722 0.3597234967
w1 0.0167241030 -0.0813509862 -0.0857531276 -0.0382704646 -0.0380952187 -0.0693458613 0.3142749018 0.3462447645 -0.1740164408 -0.0770064044 0.1582572897 -0.0059379447 -0.0823327741 0.1701931658 -0.1023416992 -0.0625364249 0.2395342467 0.2649271826 -0.0621988258 0.2830966834 -0.1074657038 0.3212337583 0.0588599203 -0.0334743666 -0.1864304515 -0.0141583622 0.0009578745 0.1003212571 -0.0992166758 0.1657008560 -0.0267402085 -0.1383746975 -0.0327169850
w1 -0.9159398698 1.0986403459 0.3370217838 0.0112093036 -0.7942815426 -0.2926924334 0.5350598906 1.4249498991 -0.0747824389 -0.0452491931 0.9272618946 -0.3559144239 0.0415302562 -1.6333592456 0.9679327113 -0.3100122301 -0.0232070537 0.1116227619 -0.0775257207 1.5252059139 -0.1430440954 0.1243288844 -0.2101560282 -0.0529711039 -0.2797512189 0.0557560425 0.1205313976 -0.3800528470 0.0693303006 0.1013782225 -0.0905472955 -0.7946476145 0.6698409870
w1 -0.2498348107 0.4508260246 -0.2771173682 0.4765771403 0.6343770091 -0.1690293140 -0.0177887336 0.1162528827 -0.0319538681 -0.1373889047 0.5680079749 0.7817756807 -0.6753025200 0.2752471360 0.2567756669 0.0399214145 0.2897268726 0.0622819614 -0.4165281313 0.5260630678 -0.3306002091 -0.4063278791 -0.0315507197 -0.3819287982 0.4161893250 -0.5193549677 -0.6803786297 -0.0012647878 0.4868024429 0.0124037204 -0.0929338338 -0.9724881718 -0.5059449968
w1 -0.3289103589 0.8131965000 0.7325750771 0.8168217770 -0.5152682476 0.4761149137 0.3406458537 -1.8864560354 1.1572710928 0.8315554910 -0.5599166296 0.2471958499 -0.0136841932 -0.2939835403 0.1858486757 -0.2074626897 -0.5839712811 0.0772049164 -0.3188969638 -0.1141026630 0.5485552004 -0.3048751714 0.1094291053 -0.0829069843 0.0464054464 0.2918062309 0.0849782795 0.3366595679 -0.4397195816 0.1675502994 -0.1680531659 -0.1613499661 0.0032151084
w1 1.0610660293 1.1081613839 -0.8241024944 -0.0999801040 -0.3952430295 -1.1184437560 0.5424678046 1.2573508991 -0.2740927876 0.2972358812 0.2555298442 0.4685720686 -0.1493438472 -0.2464975066 -1.3482116349 -1.4828307418 0.7201589097 -0.5890351336 -0.4652931122 -1.6833711642 -0.3573936627 -0.0205650118 0.0098416512 -0.4498071050 -0.1715851143 -0.3635407001 -0.2749037334 -0.2479859110 -1.3919260967 0.1082744319 -0.0697855357 0.0001488924 0.6798685005
w1 -0.3159448452 -0.0210132376 0.0170186244 -0.1967322368 0.0366844588 0.0544223012 0.0669847565 -0.1148283755 -0.0542657538 -0.1060827462 0.0382152992 0.1758722274 0.1664115602 0.1495992832 0.0083436234 -0.1984560910 0.1801774259 -0.0301594463 -0.0505336953 -0.0550107674 -0.0274561267 -0.1380759784 -0.1350141502 0.1247148138 -0.1158332359 -0.2436929684 0.1368828280 0.1423503502 0.2456883604 0.2406327797 0.1877447573 0.1788877108 0.1338634280
w1 0.2469562028 -0.0042357110 0.8491867062 0.8595484232 0.3709976008 0.1829765689 -0.6599763734 -0.0475810978 0.2200883006 -0.2253281769 0.7871759487 -0.0766386070 -0.3907184861 0.0424600863 -0.3530274465 0.0809534396 -0.4584681903 -0.1172813881 -0.6631151092 1.4644118912 0.0772163178 -0.2525034937 0.0694702873 -0.0434419649 -0.3061310710 -0.2413874065 0.5922534359 0.9030739987 -0.1730410337 0.2112302079 0.0637785929 0.1414703450 -0.0500930434
w1 -1.0768344658 2.2462257849 -0.8229147324 -0.2815604077 -0.1298588503 -1.3321227314 -0.5948405897 0.0203486468 -0.6392029064 1.6240268328 -0.6665300958 -0.5567375922 -0.6879792074 0.2877225203 -0.8199253661 0.3829014360 1.6364635592 0.0687782720 0.1392220322 0.0894112946 -0.0466398177 0.4416297541 0.4627522595 0.0048567364 -0.2478210388 0.0294194773 0.9257966956 0.4117333914 0.8852792750 -0.0959392670 -0.0041066906 0.2786702965 0.9858580560
w1 0.1172188033 -0.1472901919 -0.6591014731 -2.6250610129 -0.4332167458 -0.9909289904 -0.3571594421 0.2495201833 0.4883498627 -0.1392894464 -0.6837909611 0.8792075523 0.2025964174 -0.2298771559 -0.6881562197 -0.2978144426 -0.5607443645 0.0370886210 -0.3591007303 0.8878511050 -0.0616310090 -0.5652175805 0.0679879590 0.6653871928 0.2836413532 -0.8090908080 -1.0693796568 -0.9474160207 0.5106119998 -0.1078148874 0.0151433435 0.4538481934 -0.1642479425
w1 -0.0987377149 -0.1200397243 0.0083346802 0.1163409509 -0.1499642366 -0.2039403780 0.0701612692 -0.1286195444 0.1680332240 -0.0715421347 0.1323366673 -0.3937502461 -0.1714139525 0.2222859259 0.0784649020 -0.1262063616 0.3299598531 -0.1958616494 0.1152836904 -0.2236152370 0.0988136978 -0.3225101793 0.3225642093 0.2211539361 -0.0128959410 0.0458907462 -0.0478787904 -0.0072434064 0.1171149627 0.0541514836 -0.0089816331 0.1162657513 0.2299905493
w1 0.4217907114 0.3793114100 0.3456335898 -0.2687912605 -0.2591749803 0.3105739637 0.2482016253 0.1559488358 -0.7075051479 -0.6763442167 -0.2584920553 0.1911313793 0.0204680943 1.6548426853 -0.6097704757 0.8181983561 0.5296864539 0.0544672726 0.0778619900 -0.8587496847 0.0215307962 -0.2801568892 0.0703505812 0.1697824936 0.1751036185 -0.5622373999 1.2735634691 0.0200765202 -0.5152638260 0.1074250970 0.2589514557 0.9236173956 0.1629341137
w1 -0.4188944984 -0.1972151241 -0.2789155844 0.0831053902 0.8188452404 -0.3586492070 -1.4147372806 0.2905727781 0.2422417428 -0.0233378963 -0.0673086581 1.0610757327 -0.3938231938 0.2062009947 -0.6085893665 -0.5694383744 -0.8809965886 0.1531347854 -0.5410241576 -0.8696711625 0.3483185352 0.5602959364 -0.1820785903 -0.0335866679 0.0379575406 0.6748686763 -0.3490037872 -0.1850927482 0.3502122062 -0.4061668135 -0.0750988030 -0.2148587525 0.1062681095
w1 -0.1457390332 -0.0238327809 -0.0072703981 0.0732453913 0.3796671961 -0.0686787689 0.1184594192 0.5629826620 -0.0718665008 0.1062985986 0.1933968200 -0.1895941251 0.0025846051 0.2584703216 -0.1062028578 -0.3256148495 0.3040620909 0.0837527503 -0.0764626209 0.0362195647 -0.1246612263 0.0721009100 -0.1294531393 0.0831934480 0.0787193720 -0.1656510599 0.0726246195 0.1669495723 -0.1726103893 0.1442824932 0.1153485599 0.1102248511 -0.7714123707
w1 -0.8726290566 1.4770633628 -0.3622651906 0.1874021078 -0.0350233641 -0.7132294243 0.5119887945 -0.3245105366 -0.1509498205 0.5827718001 0.1597760081 -0.0948716124 -0.7447046717 -0.3677788748 -0.5158604476 0.1746548220 0.0710770636 0.2271457640 0.5430050596 -1.7966781661 0.0052897906 0.1226270936 0.1287548568 0.2632667386 -0.3200349870 1.0068259550 -1.4039977259 0.4241943473 0.8152078783 0.1451363386 0.1009978679 0.5198139439 0.7389707900
w1 -0.2043605867 0.5660425624 -0.3270143613 0.1041516722 -0.1508864258 0.0178260671 -0.3215332090 -0.3260770554 0.3228551627 0.1404084367 -0.0071426583 0.2753728407 -0.0814535377 0.0619009677 0.2724366604 0.1565714261 0.0791802048 0.3750207843 0.1647863080 -0.1079906893 -0.2779572024 0.4733203790 -0.0216908015 0.2229933885 0.3764548143 -0.0161194602 0.1412591343 0.3753603594 0.1405970297 -0.3943288143 -0.1500781449 -0.5518043444 -0.4704456561
w1 2.1233738650 -1.3993227651 0.6486481421 0.0339791737 0.0026727384 0.1147755157 0.4851920960 0.9739220451 0.3021802696 -0.8831020270 0.5298161570 -1.0107763272 0.6415501679 0.6229174390 0.1964233542 -0.6082071252 0.9042759267 0.2371702629 -0.7941230115 -0.2127889534 0.2882949523 0.1069890466 0.0586147287 -0.3078227869 0.1982674059 -0.0473749787 -1.6703870483 -0.4286574318 0.6596879335 -0.1924479683 -0.0315465374 0.1003243660 -0.4409009151
w1 0.3189026649 -0.0804473161 0.8322358255 -0.1135386849 0.7192052961 -0.1628554452 0.3701798954 -0.7061542615 0.0609637030 0.9080062254 -0.2928612575 -0.8485198807 0.3853395884 -0.0708476225 0.2705069997 0.4719741890 0.7717960220 0.2611887956 -0.1329542969 0.7247157468 -0.2848103720 0.0511460264 0.0130490837 -0.0087083899 -0.4097128266 0.1310986745 0.3402731570 -0.0174928369 -0.1345757012 -0.1947607914 0.0051046740 0.5926838375 0.3744621831
b1 0.2773583084 0.0613870276 0.0011936369 0.0185744979 -0.5348173205 0.4697370229 0.1913299728 0.0941640721 -0.3407013566 -0.4967735068 0.3495286522 -0.1670777513 -0.0078830713 0.1843302509 -1.2907087985 -1.1464204249 -0.0865904688 0.1146260432 0.3649807808 0.0259930293 -0.3241025522 -0.0446494311 -0.3464284155 0.0793966684
w2 -0.5706298743 -0.1443925889 0.1186712456 -0.0083040016 -0.3013690479 -0.5968367435 0.6796845620 0.0857943698 0.5866832246 0.4160822998 0.6733240263 -1.0402578504 0.0269114833 0.5596159736 0.6399186475 -0.5275402989 -0.0724304169 0.6744382066 -0.4190895310 0.1519532068 0.4625280641 0.2175609659 0.8875209989 -1.0302543771
b2 -0.9521378047
