# ValueNet: оценка позиции по признакам StateFeatures
in 29 hidden 32
w1 1.9726782801 -1.1921862668 -0.0911962925 -0.1791665297 0.7860560381 -0.0260304305 0.2710393846 1.7317052193 -1.2898965868 1.0206072858 0.1465271432 -0.0739496025 -1.2899075058 0.3960252142 -1.7791749966 2.5427115275 1.0989019888 0.0624651123 0.5094451257 0.6261953998 -0.6465574865 -0.1673470029 0.1280512388 -0.0540481405 1.0587646581 -0.1432937120 5.0785111962 -0.6446098635 1.6270845735
w1 0.7333510555 -1.1663466101 0.2272679728 -0.4554061037 -1.0025786557 -0.6204933997 1.2869615090 2.4838843004 -1.2383670873 0.8118337346 0.7739278720 -0.3223992960 0.7384873302 -0.0005253391 -0.5490394093 -0.7922562745 -0.1836543656 0.8399324524 0.2492996272 -0.2973480662 0.0675721603 0.6619282265 0.2048230304 0.5729218084 0.4732503896 -0.0676532153 0.9731666690 -0.2420847889 -0.3459491689
w1 0.2141593410 -0.2388611847 -0.1078579885 0.1009289517 -0.1240267158 0.0272721823 0.0639317327 0.0242611588 0.0473107282 -0.0728013116 0.1264385413 -0.0261229614 0.0601415623 0.0849936732 0.1520112640 0.2270128193 -0.0268359871 0.0755405362 -0.0343428142 -0.2551389052 -0.0135242367 -0.0391782996 -0.1472133471 -0.3067347709 -0.1921231256 -0.0460612102 -0.2492565286 0.0395930370 0.0284776966
w1 -0.0199539955 -0.4367977824 0.2060148429 0.0671795555 -0.6866579226 -0.3585715006 1.4992219429 -1.6116101931 0.1440361824 -0.5139938111 1.0559397795 -1.7510548593 -0.0702907655 0.0789455111 -0.0781290647 -0.0522910618 -0.5108553463 1.2079456179 0.4971780911 1.0677605881 -0.9678005004 0.1372778810 -0.1473570715 0.7168322927 -0.4210252655 0.6463713788 0.1300705571 -0.1338401226 -0.5632823253
w1 0.1327776016 -0.2066396460 0.2042006988 0.0177104497 -1.0506744254 0.2729896416 -0.6039035407 -0.4611489582 0.2458754715 0.5709503948 -0.2604919872 0.1675795057 -0.0981905223 -0.9449771271 2.3393906155 2.9546450199 -0.2902462933 0.3997697207 0.4988076657 -2.3317106855 -0.1576140945 0.3754590642 -1.3416681935 -0.1755934042 -0.7642680405 0.8173715706 -0.1905236417 0.6832476308 0.9997390709
w1 0.1140672488 -0.1913911720 -0.5814465748 -0.0168191270 -0.9660908987 0.1453148912 -1.1288446381 1.2280227724 0.7239241556 -0.1945491988 -0.1112233111 0.1252617378 0.4735912843 -0.8892090891 1.2043748971 0.8696068174 -0.0210437071 0.5618077251 0.0616340613 -0.9754650310 -0.0816721296 0.4328802081 0.0571542695 0.0006907901 -0.2805836320 0.3612928557 0.3407104936 -0.7886461612 -0.3793076211
w1 -0.1200669548 -0.7908721372 1.4266815157 0.8967593036 1.1981352461 -0.9393996122 1.1047417343 0.7197995375 -0.4648037815 0.0046295914 0.4507025226 1.1445441445 -0.7863175796 0.5797277099 0.4603178986 0.7096829294 -0.4089154802 -0.6361213772 0.0528311028 -0.0747554804 -0.4228318967 -0.1888759591 0.4426889790 0.0229583453 0.0168501103 0.1166981958 0.1307810713 0.5671760739 -0.7902710493
w1 -0.5657191349 0.5874220090 -0.8923611105 -0.1637676592 -0.7244418817 0.4473220267 0.4092438392 1.1925561842 0.0410786207 0.4362821539 0.9855375883 0.0583192780 1.2807034758 1.9781742275 0.2313421672 1.2793634206 0.1098209335 -0.5194009545 0.3820667044 -0.9554623014 0.0930735736 0.2107903684 0.4885747975 -0.4339359620 0.0568295011 0.2188563295 -0.6440719428 -0.0412559330 -0.6184138529
w1 -1.3630497170 1.3585115028 -0.4223209433 -1.9802504213 -0.2088710148 -0.6546725413 0.2701336641 -6.5409132825 -0.2368333513 0.9627985750 -0.1369807311 0.5221646403 -0.1700284833 -0.7547726700 1.0710344207 -0.1714674525 0.0154557430 -0.7838767848 -0.1863420317 0.0406687800 -0.0296880489 0.0816344033 -1.1523086029 -0.1732512308 -0.2804250132 0.2637069384 -1.3469737350 3.2969702231 -2.3237238062
w1 -0.0803868274 -0.1814581324 0.0820043307 0.2742376990 -0.1172314832 -0.0242847616 0.0397983634 -0.0742850384 0.2050278322 -0.1166242956 0.0518514438 0.0355305183 0.1273508122 0.1404431709 0.2441813985 -0.0724119122 -0.0396589530 -0.2838657806 -0.0921340281 -0.1729913768 -0.1965664279 0.0356008003 0.0073939120 0.1108321375 -0.0808333955 0.0085469967 0.0291762793 0.0935016841 -0.1126271306
w1 0.3816042726 0.2581939558 -0.1198561363 -0.6111912721 0.3214094406 0.0579781946 0.0690245448 0.1468088796 -0.0829909785 -0.1427908078 0.0705669331 -0.2370481279 -0.0384123409 -0.2618688288 0.1687311650 -0.1597931048 0.0887892344 0.1881179389 -0.1634278347 0.2447932472 0.4208998571 0.0516741853 -0.0966539264 -0.0467696958 -0.0263171816 0.1681627823 0.2078580518 -0.4828056648 -0.2700683693
w1 -0.0675091362 0.2399369611 -0.2785976582 -0.2116206271 0.2657207459 0.0738263362 -0.0224795220 0.1009557977 -0.1733147352 -0.1759835124 0.1607659935 0.0204833029 0.3179463715 -0.0895044871 -0.0939959672 0.3088487524 0.2895406394 -0.1029460088 0.0563601393 0.3741858928 0.0464389104 -0.0115560050 0.1643300938 0.1019528108 -0.0000984191 -0.0853829799 0.2500712343 0.1335068406 -0.2763305382
w1 0.8111251454 -1.4425009804 -0.4200259397 -0.7747600549 -0.2003709779 -0.9677004883 -0.7260222632 0.5474188377 -0.0472068822 -0.4923062240 0.4527795417 -0.1777024486 0.0296698779 0.1186404910 0.2279655996 0.0865884099 -2.9294189455 -1.1674461349 -0.2415068586 -0.0603483431 -0.4625571609 -0.3381119829 -0.9675396724 -0.1497154131 -0.2701600633 0.1176155681 0.7566631496 1.6946454406 -0.2021572889
w1 -0.0213357835 -0.2121108038 0.1590385458 0.1111092189 -0.2166742792 0.0932864117 -0.0351815441 -0.1167578118 0.1398124070 -0.0846925690 0.0589200492 -0.0683962819 -0.3136743238 0.0597108298 -0.1742581482 0.2355299754 -0.5368124254 -0.3755207596 -0.1069470076 -0.1211517489 -0.1640360991 -0.1749520209 0.1380730579 0.1274631836 0.0967674703 -0.0199418035 -0.0401814856 0.0235124296 0.3312687573
w1 1.1534639313 0.0385812249 0.0167812224 -1.6968994797 -0.2642689161 0.9876741687 0.1613965139 0.7623537952 -0.9242455644 -0.8274630601 -0.2403759327 0.9682643678 -0.7542880329 0.1912735179 1.8414108361 1.2180152170 1.5223728220 0.4533174220 0.9107928916 0.7940340452 -0.2296223658 0.5568885848 -0.8689913119 0.1951274162 0.5277070034 0.3641800364 -0.2185560035 -0.8372907124 -0.7837318200
w1 -0.3523730899 -1.4832772240 0.8613261814 2.0760062061 -0.8682264880 0.9838078634 0.4074166729 -0.2554708047 1.3066157837 -0.7335145840 0.3444166979 0.6921694556 0.2635400122 0.5890976498 1.1033520601 -0.3012758833 2.2549604500 0.0563139606 0.3724885708 0.9748453540 -0.1679697334 0.1007829618 1.1500507645 -1.0579015870 -0.3647427671 0.5943754803 -0.7816747659 0.4427009801 0.2316035625
w1 1.3217684202 -0.5456452143 0.5390670939 -0.2371940405 1.0291627756 2.0006434544 0.9528517366 0.5871963648 -1.3106793326 0.8465395578 -0.3385337983 0.3515880014 0.5804795262 0.9295944976 0.0185268475 -1.7763823943 0.8199533010 1.5713659212 0.9332296919 -0.2112020305 -1.7761662935 0.0129318499 0.1013747823 0.7180630453 -0.4448829193 -0.2026673632 -1.0169406353 -0.7470928193 -0.4217380806
w1 -1.5971081590 -0.5451350267 -0.6590971868 -0.5410742827 -0.6981457562 -0.0840533063 -0.5460619766 -0.1301120240 0.4989166885 -0.1100035557 0.1065672822 0.7890950521 1.2321326134 -0.4230232191 -1.4786263114 1.0849931446 -0.9527902824 -1.0803422868 0.3306232992 -0.2688300679 -0.8068434401 0.1232208529 -0.9247341648 0.5534912039 0.9770919340 -0.4680778746 0.1178989778 -0.8110516161 0.9376262314
w1 0.7463074457 -0.9503506835 0.7431300650 0.4390407545 0.4092993275 -0.4109392284 0.7227153290 0.3265054432 -1.0921410469 -0.0307507736 -0.0036223826 0.3827073793 0.6948804596 -0.0972635636 0.5721106198 -0.2560274728 -0.8703856083 0.8228238998 0.3703205620 -0.4122535899 -1.5411168473 -0.3840896735 0.6555811278 -0.6988156754 -0.1705348091 -0.4146732440 -0.7767148466 1.0461746505 0.1416469111
w1 -0.5781871302 0.1544059107 -0.1819742885 1.3531784681 0.2467198620 -0.8018026917 0.4317018132 -0.3407821059 0.3767879995 0.7736909223 0.6948093560 -0.6527162772 0.0233348271 -0.0827458969 -0.3364195949 0.3255181223 -1.2909091136 -0.0886217907 0.1125717663 -0.3410856411 1.2879563306 0.2445639504 0.8225843477 0.0940047717 0.0559833557 -0.6246826331 0.3295827012 0.4507225512 0.6879321240
w1 -0.1268910519 0.4497478945 0.8208333063 -0.4763722706 -1.0692610422 -0.9317831448 0.3529334405 -1.1942757698 0.4186181676 -0.8503914996 1.8071399417 -1.4266091818 1.0300189659 -1.3066868535 3.3651728632 -0.2487700665 -0.9860130888 -0.6286076977 0.2232288183 -2.4592079061 -0.1407374315 -0.0143275581 -0.7408416708 -0.1836712569 0.7953042836 -0.0057087123 -0.6461568482 0.6778381033 0.1549279745
w1 -0.1235073859 0.3043111325 0.5171877346 0.4501590983 -0.6188428451 0.1196077390 -0.3604017680 -0.4248967661 0.3244100885 0.3776318814 -0.2644419771 -0.4000611296 0.1416426072 0.2703811715 0.2384590140 -0.8100227960 -0.3696757196 0.2174213537 0.3169378977 -1.0854725327 -0.1552542530 0.4448455118 -0.2081716933 0.2620855875 -0.0052136864 0.3519022193 0.2932367336 -0.2234491735 0.8741707603
w1 0.7074425817 -0.0200685444 1.0333915938 -0.2795969207 0.2432949932 -0.2336593345 -0.1002626789 0.1241953806 -0.8231391397 0.0937237291 -0.1281100424 0.6895935686 0.9987928250 0.8156446689 1.3284349927 0.4318044854 -0.0990890295 0.6340960135 -0.8943484883 0.3350832421 -0.1888036430 0.2978958204 -0.0248093416 0.1501418866 -0.2826354292 -1.2217967207 0.5149249649 0.4150661262 -0.0745000632
w1 -1.2229020043 0.2143198102 -2.0229565973 -2.1028780833 0.3303755896 0.4936621125 -0.9283265255 -0.1388442724 0.5821921957 -0.5549044781 0.0838139714 -0.0809803328 -0.2415922859 0.3882689182 1.8730309985 -0.7277301478 1.0852031727 -0.9277884434 -0.0676233916 0.0008944397 -0.4809566817 -0.3174463310 0.4225070126 0.1817657170 -0.3135178976 -0.2209401167 -1.5038662877 -2.2840712822 0.2537282457
w1 -1.0918889652 0.0097157894 0.8623794996 -0.0888698581 0.3699003675 0.3645539232 0.0813257999 -1.3096396738 -0.5800321025 1.1628775488 -2.9140346114 0.8437591676 0.1244513378 1.3653561348 0.5784580054 1.3214976211 0.9643341197 -0.4211333768 1.0898585254 0.1637974817 0.8527880632 0.0149237572 -0.7819713861 -0.5988314444 0.6592529047 -0.9763515213 -1.6146791985 0.4581889780 -0.0169233920
w1 0.1709545069 0.2160764126 -0.0931979159 0.1237798071 0.0635558055 0.2783949534 -0.1366419597 0.0438971382 0.1534012894 -0.2246648657 0.0362769494 -0.2677410419 -0.2122491479 0.1943808601 -0.0109165964 -0.0412082133 -0.1064248344 0.1514468787 0.0660393196 0.1218331433 0.3147700751 -0.0215762130 -0.0130933349 0.0041973703 -0.0174685911 -0.0215283820 -0.0278711658 -0.1827638089 -0.1592321391
w1 -0.7438821609 0.7735134925 -0.1941997891 -1.7180199774 -0.2763973244 0.4903368983 2.1182662128 -1.5150153777 -0.3509201531 -0.9588780954 -0.4035571498 1.0254360945 -0.3291712527 -0.0700553187 0.5660642604 -1.1025358665 0.3994149403 0.1670555784 -0.0988287592 0.4347130023 -0.3228580049 0.1411006134 0.2155458064 -0.3970374610 -0.0713290524 -0.2640731984 1.8352111643 0.1342628261 -0.6201218435
w1 0.2102094166 -0.1168376902 -0.2578625831 -0.0150657649 0.5708387504 0.0603426323 -0.5173604873 0.8426972583 0.2335480477 -0.7674655344 1.1204541641 0.6033815188 -0.5673933490 -0.8103661230 0.3285104904 -0.1721404868 0.6277417760 -1.0342254875 -0.0549632282 0.2884023259 -0.8131881561 -0.4089151590 1.2494797955 -0.4100534541 1.1642270632 -0.0481471854 -0.4224512356 -1.1004939292 1.4141387091
w1 -1.4703868945 0.8863800350 -0.1579554192 0.2707794450 -0.6562375757 0.0029479642 -1.5041450503 -0.1651425723 0.4896675378 0.2413203224 -0.6030593035 1.8078370219 -0.7411501423 0.3265225596 -1.7638198980 0.9981469562 -0.1639182252 -0.6528713476 0.4036472980 0.1236687666 -1.1248975990 0.1392260736 -0.9522984238 0.0044757738 0.5240588526 -0.0784785249 0.5053994216 0.4834947256 0.8887019765
w1 0.1194222959 0.1971539258 -0.0019718667 -0.1188158609 0.1183100492 -0.1895109214 0.0106730745 0.0114067319 -0.0807883354 0.0420662866 -0.0491272653 0.0111058433 0.0115310709 0.0079777997 -0.0455863154 -0.0294496656 0.0036311437 -0.1283872110 0.0821340856 0.1655085239 0.3030809175 -0.0449183346 0.2761826920 -0.0361942242 0.0752195872 -0.0221525014 -0.0079661337 0.2099342608 -0.1740095998
w1 2.6429456260 -1.5834405923 -1.5395184768 -2.8654338834 -0.0061737256 0.1055581027 -0.9379196619 -2.2196830737 -0.5233269814 0.4836165776 -1.1847267542 0.6709422049 0.1530665573 -1.0835159303 -1.0589852393 -0.0050494827 -1.1970688407 -0.6906761462 -0.3023743605 -0.2214238691 -0.7627487565 0.0955029177 1.2584019981 -0.8751159068 -0.2334528537 -0.4140317133 1.9354242315 -0.5453237515 1.0585040810
w1 -0.4038998600 0.2241613060 -0.4034028444 0.5248649124 0.2757155354 -0.1789590303 -0.8103637823 2.0011667074 0.3689271661 0.7197944833 -0.3627280862 -1.4716021457 0.3157819194 -1.2428034319 0.5937928678 -1.0570238668 0.3183572789 0.2119088786 0.0885228264 0.6983839155 -2.0007439747 -0.3215363958 1.3236220203 0.0515248058 -0.1513523100 0.5613516036 -0.7730960969 0.0341298479 0.0125160803
b1 -1.4621643241 -0.4797420917 -0.0229673854 0.3735774498 0.2377828475 0.4423957117 -1.5669300309 -0.5627936034 2.3943548495 -0.0018828631 0.0656341691 0.1858686540 2.2341681741 0.0104831450 -0.2492967527 -1.7382591705 -0.3772774428 0.7213856256 0.9876643744 -0.7717557087 1.6113660876 -0.7106563179 0.5919208598 0.7509978428 0.6742208760 -0.0369046073 2.0547151539 -0.7754138134 1.2284945105 -0.0249779881 0.5825477298 0.1771618962
w2 -0.7167097392 -0.2263643232 -0.0432090669 -0.2294700476 0.3437411981 -0.2991966656 -0.2829811817 0.2839423344 -0.8741250087 -0.0522243902 0.1232715262 0.0682599528 -0.5979173525 -0.0883378669 0.2180823292 0.7068798167 0.2882249002 -0.2770164565 -0.3207423955 0.2433684083 0.2299928289 -0.2654436696 0.1943687498 -0.4364947981 -0.2501998072 0.0619892890 0.2914779296 -0.4007804724 0.2646374703 0.0568656031 -0.3180961793 0.3098875065
b2 -0.8969461921
